4294967294,0
4294967279,20
4294967279,18
4294967278,207
4294967279,134
4294967279,410
4294967279,0
4294967278,382
4294967279,17
4294967279,15
4294967279,12
4294967278,321
4294967278,204
4294967278,367
4294967278,319
4294967278,201
4294967278,365
4294967294,5
4294967278,318
4294967278,198
4294967279,11
4294967279,10
4294967278,197
4294967278,196
4294967294,1422
4294967294,43
4294967279,197
4294967278,381
4294967278,346
4294967278,0
4294967294,75
4294967294,18
4294967294,127
4294967294,14
4294967294,126
4294967294,20
4294967294,13
4294967294,51
4294967294,52
4294967294,93
4294967294,95
4294967294,966
4294967294,917
4294967294,904
4294967294,173
4294967294,162
4294967294,82
4294967294,1418
4294967294,30
4294967294,947
4294967294,946
4294967294,944
4294967294,943
4294967294,938
4294967294,927
4294967294,899
4294967294,897
4294967294,896
4294967294,128
4294967294,831
4294967294,60
4294967294,426
4294967278,194
4294967294,968
4294967294,967
4294967294,965
4294967294,964
4294967294,963
4294967294,962
4294967294,961
4294967294,960
4294967294,922
4294967294,921
4294967294,920
4294967294,919
4294967294,918
4294967294,916
4294967294,913
4294967294,912
4294967294,911
4294967294,910
4294967294,907
4294967294,906
4294967294,903
4294967294,902
4294967294,422
4294967294,401
4294967294,190
4294967294,185
4294967294,182
4294967294,176
4294967294,170
4294967294,163
4294967294,161
4294967294,92
4294967294,88
4294967278,193
4294967294,50
4294967294,12
4294967294,1419
4294967294,81
4294967294,11
4294967294,68
4294967278,192
4294967278,352
0,5
4294967278,190
4294967294,7
4294967294,6
4294967294,22
4294967294,17
4294967294,974
4294967294,39
4294967294,42
4294967294,67
4294967294,417
4294967294,471
4294967294,25
4294967294,26
4294967294,971
4294967294,83
4294967278,132
4294967278,131
4294967278,130
4294967278,129
4294967278,128
4294967278,127
4294967278,126
4294967278,125
4294967278,124
4294967278,123
4294967278,122
4294967278,121
4294967278,120
4294967278,119
4294967278,118
4294967278,117
4294967278,116
4294967278,115
4294967278,114
4294967278,113
4294967278,112
4294967278,111
4294967278,110
4294967278,109
4294967278,108
4294967278,107
4294967278,106
4294967278,105
4294967278,104
4294967278,103
4294967278,102
4294967278,101
4294967278,100
4294967278,99
4294967278,98
4294967278,97
4294967278,96
4294967278,95
4294967278,94
4294967278,93
4294967278,92
4294967278,91
4294967278,90
4294967278,89
4294967278,87
4294967278,86
4294967278,85
4294967278,84
4294967278,83
4294967278,82
4294967278,81
4294967278,80
4294967278,79
4294967278,78
4294967278,77
4294967278,350
4294967278,76
4294967278,75
4294967278,74
4294967278,73
4294967278,313
4294967278,72
4294967278,312
4294967278,71
4294967278,70
4294967278,69
4294967278,68
4294967278,67
4294967278,66
4294967278,65
4294967278,64
4294967278,63
4294967278,62
4294967278,61
4294967278,60
4294967278,59
4294967279,83
4294967279,78
4294967279,75
4294967279,72
4294967279,70
4294967279,64
4294967279,63
4294967279,61
4294967279,58
4294967279,313
4294967279,53
4294967279,51
4294967279,310
4294967279,50
4294967279,43
4294967279,42
4294967279,296
4294967279,39
4294967279,295
4294967279,430
4294967279,36
4294967279,33
4294967279,28
4294967279,27
4294967279,21
4294967279,19
4294967279,16
4294967279,14
4294967279,13
4294967279,9
4294967279,8
4294967279,7
4294967279,6
4294967279,5
4294967279,4
80,4
80,3
80,2
80,1
4294967294,924
4294967279,447
4294967278,380
4294967278,379
4294967278,378
79,5
79,4
79,3
79,2
79,1
4294967279,446
77,4
77,3
77,2
77,1
76,4
76,3
76,2
76,1
75,6
75,5
75,4
75,3
75,2
75,1
4294967279,445
74,4
74,3
74,2
74,1
4294967294,472
4294967278,377
4294967293,131
4294967293,130
4294967293,129
4294967293,128
4294967293,127
4294967293,126
4294967293,125
4294967293,124
4294967293,123
4294967293,122
4294967293,121
4294967293,120
4294967293,119
4294967293,118
4294967293,117
4294967293,116
4294967293,115
4294967293,114
4294967293,113
4294967293,112
4294967293,111
4294967293,110
4294967293,109
4294967293,108
4294967293,107
4294967293,106
4294967293,105
4294967293,104
4294967293,103
4294967293,102
4294967293,101
4294967293,100
4294967293,99
4294967293,98
4294967293,97
4294967293,96
4294967293,95
4294967293,94
4294967293,93
4294967293,92
4294967293,91
4294967293,90
4294967293,89
4294967293,88
4294967293,87
4294967293,86
4294967293,85
4294967293,84
4294967293,83
4294967293,82
4294967293,81
